7302
8912
4560
3543
8207
2258
8694
2340
0637
3914
2107
3943
8894
1041
9794
8606
8916
5261
3658
3101
6561
6973
1580
9454
8124
1400
8302
4500
6057
3134
1121
9675
3866
3090
0748
1896
3612
5564
0205
1844
0145
7585
3370
2735
5839
5242
6704
8833
9671
9486
9299
2396
9761
7730
8557
4133
6717
0153
8076
4092
7008
2449
4583
1750
3013
2230
2942
9137
3917
2202
9614
1597
8713
0514
1382
9760
5684
4315
8794
5682
2453
2612
5966
5798
4967
1800
7662
0240
8916
5260
1283
3520
3129
6415
0511
8743
6263
8972
4730
7069
7840
1241
7975
3583
7127
6221
0839
2679
8656
1904
3635
3159
3802
8465
6477
1429
6060
1626
7999
1637
2844
2341
9656
6858
2367
5404
1352